Heliocentric Osculating Orbital Elements Referred to
the Mean Equinox and Ecliptic of Date for 2013
--------------------------------------------------------------------------------
         |  Julian  |Inclin-|  Longitude    |  Mean  | Daily  |Eccen- |  Mean  
Date     |   Date   | ation |Asc.  | Peri-  |Distance| Motion |tricity|Longitude
         |          |       |Node  | helion |        |        |       |
         |          |degrees|    degrees    |   au   |degrees |       | degrees
--------------------------------------------------------------------------------
   
MERCURY                                               
Jan. -12  2456280.5  7.0053  48.485  77.658  0.387100 4.09232  0.205636 191.7001
Jan.  28  2456320.5  7.0052  48.486  77.661  0.387097 4.09236  0.205644 355.3943
Mar.   9  2456360.5  7.0052  48.487  77.663  0.387098 4.09235  0.205646 159.0899
Apr.  18  2456400.5  7.0052  48.489  77.665  0.387097 4.09236  0.205649 322.7854
May   28  2456440.5  7.0052  48.490  77.665  0.387097 4.09236  0.205650 126.4812
   
July   7  2456480.5  7.0052  48.492  77.667  0.387098 4.09235  0.205645 290.1771
Aug.  16  2456520.5  7.0052  48.493  77.669  0.387098 4.09235  0.205645  93.8725
Sept. 25  2456560.5  7.0052  48.494  77.671  0.387098 4.09235  0.205642 257.5683
Nov.   4  2456600.5  7.0052  48.495  77.672  0.387099 4.09234  0.205635  61.2628
Dec.  14  2456640.5  7.0052  48.497  77.674  0.387099 4.09233  0.205635 224.9579
Dec.  54  2456680.5  7.0052  48.498  77.677  0.387098 4.09234  0.205633  28.6524
   
VENUS                                                 
Jan. -12  2456280.5  3.3949  76.797 132.00   0.723328 1.60214  0.006777 209.0515
Jan.  28  2456320.5  3.3949  76.798 132.05   0.723332 1.60213  0.006780 273.1380
Mar.   9  2456360.5  3.3949  76.799 132.07   0.723327 1.60215  0.006787 337.2248
Apr.  18  2456400.5  3.3949  76.801 132.03   0.723331 1.60214  0.006785  41.3121
May   28  2456440.5  3.3949  76.802 131.97   0.723333 1.60213  0.006780 105.3980
   
July   7  2456480.5  3.3949  76.803 131.96   0.723325 1.60216  0.006769 169.4851
Aug.  16  2456520.5  3.3949  76.804 131.99   0.723327 1.60215  0.006769 233.5729
Sept. 25  2456560.5  3.3949  76.806 132.03   0.723328 1.60214  0.006770 297.6598
Nov.   4  2456600.5  3.3949  76.807 132.03   0.723326 1.60215  0.006775   1.7475
Dec.  14  2456640.5  3.3949  76.808 131.89   0.723337 1.60211  0.006775  65.8345
Dec.  54  2456680.5  3.3948  76.808 131.63   0.723345 1.60209  0.006770 129.9169
   
EARTH/MOON BARYCENTER                                 
Jan. -12  2456280.5  0.0       -    103.042  1.000008 0.985598 0.016703  87.9950
Jan.  28  2456320.5  0.0       -    103.005  0.999986 0.985631 0.016682 127.4201
Mar.   9  2456360.5  0.0       -    102.990  0.999978 0.985642 0.016675 166.8472
Apr.  18  2456400.5  0.0       -    103.022  0.999987 0.985630 0.016677 206.2740
May   28  2456440.5  0.0       -    103.077  1.000000 0.985611 0.016677 245.6993
   
July   7  2456480.5  0.0       -    103.119  1.000005 0.985603 0.016675 285.1238
Aug.  16  2456520.5  0.0       -    103.147  1.000000 0.985611 0.016679 324.5489
Sept. 25  2456560.5  0.0       -    103.161  0.999995 0.985618 0.016682   3.9752
Nov.   4  2456600.5  0.0       -    103.146  1.000002 0.985608 0.016690  43.4020
Dec.  14  2456640.5  0.0       -    103.135  1.000010 0.985596 0.016698  82.8279
Dec.  54  2456680.5  0.0       -    103.166  1.000005 0.985603 0.016693 122.2544
   
MARS                                                  
Jan. -12  2456280.5  1.8497  49.663 336.246  1.523624 0.524069 0.093285 317.1847
Jan.  28  2456320.5  1.8497  49.664 336.249  1.523605 0.524079 0.093274 338.1493
Mar.   9  2456360.5  1.8497  49.665 336.255  1.523601 0.524081 0.093269 359.1150
Apr.  18  2456400.5  1.8497  49.666 336.268  1.523627 0.524068 0.093276  20.0806
May   28  2456440.5  1.8497  49.667 336.287  1.523678 0.524041 0.093292  41.0443
   
July   7  2456480.5  1.8496  49.668 336.306  1.523731 0.524014 0.093316  62.0048
Aug.  16  2456520.5  1.8496  49.668 336.322  1.523762 0.523998 0.093346  82.9625
Sept. 25  2456560.5  1.8495  49.666 336.329  1.523748 0.524005 0.093385 103.9196
Nov.   4  2456600.5  1.8495  49.665 336.333  1.523709 0.524025 0.093425 124.8784
Dec.  14  2456640.5  1.8495  49.665 336.333  1.523665 0.524048 0.093458 145.8405
Dec.  54  2456680.5  1.8495  49.665 336.330  1.523631 0.524066 0.093482 166.8051
   
JUPITER                                               
Jan. -12  2456280.5  1.3033 100.624  14.604  5.20269  0.083094 0.048895  68.0222
Jan.  28  2456320.5  1.3033 100.624  14.591  5.20263  0.083095 0.048893  71.3469
Mar.   9  2456360.5  1.3033 100.625  14.588  5.20262  0.083095 0.048895  74.6719
Apr.  18  2456400.5  1.3033 100.626  14.589  5.20262  0.083095 0.048896  77.9971
May   28  2456440.5  1.3033 100.627  14.586  5.20259  0.083096 0.048892  81.3228
   
July   7  2456480.5  1.3033 100.628  14.568  5.20250  0.083098 0.048888  84.6481
Aug.  16  2456520.5  1.3033 100.629  14.556  5.20245  0.083099 0.048892  87.9728
Sept. 25  2456560.5  1.3033 100.630  14.555  5.20245  0.083099 0.048901  91.2973
Nov.   4  2456600.5  1.3033 100.631  14.576  5.20254  0.083097 0.048907  94.6223
Dec.  14  2456640.5  1.3033 100.632  14.593  5.20261  0.083096 0.048901  97.9485
Dec.  54  2456680.5  1.3033 100.633  14.592  5.20259  0.083096 0.048891 101.2751
   
SATURN                                                
Jan. -12  2456280.5  2.4869 113.732  90.734  9.51836  0.033583 0.055789 208.6057
Jan.  28  2456320.5  2.4869 113.732  90.856  9.51931  0.033578 0.055791 209.9430
Mar.   9  2456360.5  2.4869 113.732  90.979  9.52024  0.033574 0.055794 211.2797
Apr.  18  2456400.5  2.4869 113.733  91.105  9.52121  0.033568 0.055793 212.6162
May   28  2456440.5  2.4869 113.732  91.245  9.52234  0.033562 0.055779 213.9525
   
July   7  2456480.5  2.4869 113.732  91.380  9.52349  0.033556 0.055750 215.2901
Aug.  16  2456520.5  2.4869 113.732  91.500  9.52450  0.033551 0.055724 216.6279
Sept. 25  2456560.5  2.4870 113.732  91.611  9.52541  0.033546 0.055704 217.9654
Nov.   4  2456600.5  2.4870 113.732  91.727  9.52630  0.033541 0.055691 219.3014
Dec.  14  2456640.5  2.4870 113.732  91.870  9.52748  0.033535 0.055657 220.6368
Dec.  54  2456680.5  2.4870 113.733  92.021  9.52885  0.033528 0.055600 221.9730
   
URANUS                                                
Jan. -12  2456280.5  0.7726  74.004 169.227 19.2099   0.011713 0.046728   9.1400
Jan.  28  2456320.5  0.7727  74.001 169.271 19.2064   0.011716 0.046913   9.6133
Mar.   9  2456360.5  0.7727  73.997 169.314 19.2030   0.011720 0.047102  10.0873
Apr.  18  2456400.5  0.7727  73.991 169.364 19.1994   0.011723 0.047297  10.5610
May   28  2456440.5  0.7728  73.989 169.434 19.1953   0.011727 0.047509  11.0340
   
July   7  2456480.5  0.7728  73.989 169.522 19.1916   0.011730 0.047703  11.5048
Aug.  16  2456520.5  0.7728  73.989 169.602 19.1882   0.011733 0.047874  11.9756
Sept. 25  2456560.5  0.7728  73.989 169.674 19.1850   0.011736 0.048035  12.4470
Nov.   4  2456600.5  0.7728  73.985 169.740 19.1816   0.011739 0.048215  12.9200
Dec.  14  2456640.5  0.7728  73.984 169.836 19.1774   0.011743 0.048431  13.3920
Dec.  54  2456680.5  0.7728  73.983 169.962 19.1729   0.011747 0.048650  13.8617
   
NEPTUNE                                               
Jan. -12  2456280.5  1.7686 131.930  53.89  30.0401   0.005990 0.010281 333.6121
Jan.  28  2456320.5  1.7687 131.932  55.15  30.0331   0.005992 0.010207 333.8487
Mar.   9  2456360.5  1.7688 131.935  56.47  30.0259   0.005994 0.010138 334.0856
Apr.  18  2456400.5  1.7688 131.937  57.82  30.0185   0.005996 0.010067 334.3220
May   28  2456440.5  1.7690 131.940  59.24  30.0108   0.005999 0.009985 334.5566
   
July   7  2456480.5  1.7691 131.943  60.44  30.0044   0.006000 0.009894 334.7895
Aug.  16  2456520.5  1.7692 131.946  61.52  29.9987   0.006002 0.009816 335.0233
Sept. 25  2456560.5  1.7693 131.949  62.57  29.9932   0.006004 0.009748 335.2581
Nov.   4  2456600.5  1.7694 131.951  63.84  29.9867   0.006006 0.009690 335.4937
Dec.  14  2456640.5  1.7695 131.954  65.29  29.9793   0.006008 0.009609 335.7265
Dec.  54  2456680.5  1.7697 131.957  66.66  29.9725   0.006010 0.009508 335.9564
   
PLUTO                                                 
Jan. -12  2456280.5 17.1651 110.464 223.640 39.2768   0.004006 0.245716 257.9871
Jan.  28  2456320.5 17.1660 110.464 223.610 39.2754   0.004006 0.245775 258.1351
Mar.   9  2456360.5 17.1669 110.465 223.579 39.2735   0.004007 0.245830 258.2829
Apr.  18  2456400.5 17.1678 110.466 223.548 39.2722   0.004007 0.245894 258.4302
May   28  2456440.5 17.1686 110.467 223.519 39.2721   0.004007 0.245986 258.5761
   
July   7  2456480.5 17.1691 110.468 223.501 39.2744   0.004007 0.246105 258.7231
Aug.  16  2456520.5 17.1695 110.469 223.486 39.2766   0.004006 0.246211 258.8717
Sept. 25  2456560.5 17.1699 110.471 223.470 39.2781   0.004006 0.246306 259.0211
Nov.   4  2456600.5 17.1706 110.472 223.446 39.2783   0.004006 0.246389 259.1691
Dec.  14  2456640.5 17.1711 110.473 223.424 39.2803   0.004006 0.246515 259.3143
Dec.  54  2456680.5 17.1713 110.474 223.412 39.2851   0.004005 0.246682 259.4590
